---FAN LOW---
16 101111011111111111111101111111101
17 101111011111111111111011111111011 
18 10111101111111111111101011111110101
19 101111011111111111110111111110111
20 10111101111111111111011011111101101
21 10111101111111111111010111111101011
22 1011110111111111111101010111111010101
23 101111011111111111101111111101111
24 10111101111111111110111011111011101
25 10111101111111111110110111111011011
26 1011110111111111111011010111110110101
27 10111101111111111110101111111010111
28 1011110111111111111010110111110101101
29 1011110111111111111010101111110101011
30 101111011111111111101010101111101010101

16 1 0111 0111 1111 1111 1110 1111 1110
17 1 0111 0111 1111 1111 1101 1111 1101 
18 1 0111 0111 1111 1111 1100 1111 1100
19 1 0111 0111 1111 1111 1011 1111 1011
20 1 0111 0111 1111 1111 1010 1111 1010
21 1 0111 0111 1111 1111 1001 1111 1001
22 1 0111 0111 1111 1111 1000 1111 1000
23 1 0111 0111 1111 1111 0111 1111 0111
24 1 0111 0111 1111 1111 0110 1111 0110
25 1 0111 0111 1111 1111 0101 1111 0101
26 1 0111 0111 1111 1111 0100 1111 0100
27 1 0111 0111 1111 1111 0011 1111 0011
28 1 0111 0111 1111 1111 0010 1111 0010
29 1 0111 0111 1111 1111 0001 1111 0001
30 1 0111 0111 1111 1111 0000 1111 0000

---FAN MED---
16 10111101111111111111110111011110101
17 1011110111111111111110111101110111
18 101111011111111111111010111011101101
19 10111101111111111111011111011101011
...
27 1011110111111111111010111110110101011
28 101111011111111111101011011101101010101
29 10111101111111111110101011110111111
30 1011110111111111111010101011101111101

16 1 0111 0111 1111 1111 1110 1101 1100
17 1 0111 0111 1111 1111 1101 1101 1011
18 1 0111 0111 1111 1111 1100 1101 1010
19 1 0111 0111 1111 1111 1011 1101 1001
...
27 1 0111 0111 1111 1111 0011 1101 0001
28 1 0111 0111 1111 1111 0010 1101 0000
29 1 0111 0111 1111 1111 0001 1101 1111
30 1 0111 0111 1111 1111 0000 1101 1110

